535 275 13 6
536 275 26 12
536 275 38 18
536 275 50 24
536 274 62 30
536 274 73 36
536 275 84 41
536 275 95 46
536 275 106 51
536 275 116 56
536 275 126 61
536 275 136 66
536 274 146 71
536 275 155 76
536 274 164 80
536 275 173 84
536 275 182 88
536 275 190 92
536 274 198 96
536 275 206 100
536 275 214 104
535 275 222 108
536 275 229 112
536 275 236 116
536 275 243 119
536 275 250 122
536 275 257 125
536 275 263 128
536 275 269 131
536 275 275 134
536 275 281 137
536 275 287 140
536 275 293 143
536 275 299 146
536 275 304 149
536 275 309 152
536 275 314 155
536 275 319 158
536 275 324 160
536 275 329 162
536 275 334 164
536 275 339 166
536 275 343 168
536 275 347 170
536 275 351 172
536 275 355 174
536 275 359 176
536 275 363 178
536 275 367 180
536 275 371 182
536 275 375 184
536 275 379 186
536 275 382 188
536 275 385 190
536 275 388 192
536 275 391 194
536 275 394 196
535 275 397 197
536 275 400 198
536 275 403 199
536 275 406 200
536 275 409 201
536 275 412 202
536 275 415 203
536 275 418 204
536 275 420 205
536 275 422 206
536 275 424 207
536 275 426 208
536 275 2144 1100
536 275 134 68
536 276 234 120
536 276 309 159
536 276 365 188
536 275 407 209
536 275 439 225
536 276 463 237
536 275 481 246
536 275 494 253
536 276 504 258
536 275 512 262
536 275 518 265
536 275 522 267
536 276 525 269
536 275 527 270
536 276 529 271
536 275 530 272
536 276 531 273
536 275 532 273
536 276 533 273
536 275 533 273
536 275 533 273
536 275 533 273
536 275 533 273
536 275 533 273
536 275 533 273
536 275 533 273
536 275 533 273
536 275 533 273
536 275 533 273
536 276 533 273
536 276 533 273
536 275 533 273
536 276 533 273
536 276 533 273
536 276 533 273
536 275 533 273
536 275 533 273
536 275 533 273
536 275 533 273
536 276 533 273
536 275 533 273
536 275 533 273
536 275 533 273
536 276 533 273
536 275 533 273
536 275 533 273
536 275 533 273
536 275 533 273
536 275 533 273
536 275 533 273
536 275 533 273
536 276 533 273
536 275 533 273
536 275 533 273
536 276 533 273
536 275 533 273
